 
	944.6243342125808	 
-2649.8891440635016	
-5983.466119514671   
 3018.0396690963626


	435.7786668672634
 
  -5491.552949765869
	 	4715.9705005258165 	 5577.34923735512 
5671.774258348883 
-3988.4412510640905	
	-1708.3014969039677 	5195.62791641723
 
1998.8485108284722
	
 	3466.544285011356	 			1893.4211507985774	
 3084.0078294766263
-2089.0318796298457	-2187.923598987316  	 
-5478.056990253838 
		
-5217.708404898544		 -5726.959616486757
  3979.6042974031243 
 -2621.782109886984
1613.659262740266	

2390.6218760769625
1390.4251940169152  -3581.850514313034  3402.508158136683	  
-1970.6708983730068 
-3690.177957370186  	
 4425.505081274481 

2677.1898401389026
	 
-941.5796849731269


  -1449.5171309887273 	   -3713.2866704964476
 4339.084672419351
 
4104.704296277616
3426.9853707478196
 2785.8013968970026
		 
3000.789197676293 		
2846.709898742787	-1232.7054586887052	   -2942.9391702602375

	-5974.150068735018 

 
-4078.319707433375 

	
525.0442209313833
	  723.0200642481814 	   -5131.670892936948 	
  3948.837728921624

 	-2241.191194478012	
 4013.66559639572	 -609.682416353935


 4827.274398212705 -1690.3536349818314

		782.8822052763953
	
 -5371.237512779089	  		-2517.3478306012967 166.05609301074128			-2231.037841243204 
			795.211069029845	
-2023.5881916158655
 		 -5336.20836578715

	4375.47313439362
 
 	-3998.1802093377564	 
-803.523128044565	 

4384.680733819901	
-5843.326260980872 		
 -1138.7515095227354 		 -5476.082565218531   2962.3627175392467
  145.38906142923406


-3141.7603021993423 	
5167.3319694874735		 
-3535.278653912618  		-1235.3424663470178

	3370.344721006799

	
5676.4508598278935

 -5793.5506715845295
-4689.203224861732 
-1173.0556026151007   1366.1110288964956
-2600.5353152964717
 -2079.6637466554985
		5396.824348961403  
  -2032.2868907173379		  2019.3436045258513 	-1756.1338464820392 -3980.7762785123355
-2219.3606145404174  	-1586.9748659930892 -782.4374658676761			5638.83146391019			 
3627.364169960045  
-1590.539567704388
 2707.977740405564
	-1519.9370692323773
	 5274.987908753585		
	3243.084889629723 -4056.723505099988	

