0.5                                                
339.
          3249.06                  

0.99

                                -6.07


 -1.53                                

 1065.3

          -2.35                                93.74





-9.92                

.51


                        6943.27                                                                1511.39                                

        0.32



6870.4   

-2.32                                                        2457.8



-3.7                                         7625.62 
                569.38        .7



8604.36   
-8.58                    7389.62





 -4.29     -7.25



                

-2.08   
8319.24




  

3971.75   

  0.3                                

1389.07


    9523.43


                0.34



                -9.09
         .29                                                        6452.51



 56.69              .8                    -4.31             0.08             .43
0.24   


.54                                
-7.84                        

                -6.36




                                3342.89
   .15   
-4.21                                                        -3.63     



0.45     0.57  4643.73
  0.24
    .81                        

8624.46                                0.1           0.61



2717.35                                                .52





  -9.85                                 0.93                  2343.07                          .7     -2.63                    7363.49



                  -3.36  

4418.11



5943.48

        

-.07




                .26                                 -7.13                                           -7.97




4100.21




 -6.65



                0.25


-1.78







-2.41   -.6     
.78                        

-1.69     

  0.35                                        

        3335.77




-6.73                  
-1.03



.03                                -1.84

  .65                                            0.61             3238.68          4246.11


  

373.76   
6794.18



   4938.44      -8.26                                                  7858.43






  -0.81


  -1.77                                                -2.67

                  -0.02                                

-3.33